1 1111 0 0 5
2 2222 0 0 10
3 3333 0 0 15
4 4444 0 0 20
5 5555 0 0 25
6 6666 0 1 30
7 7777 0 1 35
8 8888 0 1 40
9 9999 0 1 45
10 1010 0 1 50
11 1111 1 0 5
12 1212 1 0 10
13 1313 1 0 15
14 1414 1 0 20
15 1515 1 0 25
16 1616 1 1 30
17 1717 1 1 35
18 1818 1 1 40
19 1919 1 1 45
20 2020 1 1 50
21 2121 2 0 5
22 2222 2 0 10
23 2323 2 0 15
24 2424 2 0 20
25 2525 2 0 25
26 2626 2 1 30
27 2727 2 1 35
28 2828 2 1 40
29 2929 2 1 45
30 3030 2 1 50
31 3131 3 0 5
32 3232 3 0 10
33 3333 3 0 15
34 3434 3 0 20
35 3535 3 0 25
36 3636 3 1 30
37 3737 3 1 35
38 3838 3 1 40
39 3939 3 1 45
40 4040 3 1 50